52,5
52,4
52,3
52,2
52,1
52,0
51,4
51,3
51,2
51,1
51,0
50,3
50,2
50,1
50,0
49,3
49,2
49,1
49,0
48,4
48,3
48,2
48,1
48,0
47,4
47,3
47,2
47,1
47,0
46,4
46,3
46,2
46,1
46,0
45,3
45,2
45,1
45,0
0,273
0,270
0,278
0,9
10,210
10,212
10,190
10,4
10,250
10,174
11,7
11,16
11,22
11,8
11,28
11,20
11,25
8,6
8,7
8,15
8,5
42,5
42,4
42,3
42,2
42,1
42,0
39,3
39,2
39,1
39,0
38,4
38,3
38,2
38,1
38,0
37,4
37,3
37,2
37,1
37,0
36,4
36,3
36,2
36,1
36,0
35,3
35,2
35,1
35,0
20,2
20,1
12,3
20,3
12,2
12,1
11,29
11,26
19,2
11,24
19,1
11,21
19,3
11,19
11,15
11,12
11,11
11,9
11,3
11,2
11,1
10,312
10,294
10,291
10,264
